9.700000000000006395e-01
5.300000000000002487e-01
1.430000000000001048e+00
2.600000000000000644e-01
8.999999999999999667e-02
-7.400000000000004352e-01
1.100000000000000144e-01
-2.400000000000000744e-01
4.000000000000000083e-02
-1.210000000000000853e+00
-1.099999999999999867e-01
-1.600000000000000033e-01
7.900000000000004796e-01
-6.200000000000003286e-01
-2.999999999999999889e-02
-2.279999999999995364e+00
-5.609999999999924825e+00
-2.300000000000000377e-01
-1.700000000000000122e-01
-5.500000000000002665e-01
-5.000000000000002220e-01
-3.800000000000001710e-01
-2.700000000000000733e-01
6.600000000000003642e-01
4.500000000000002331e-01
-1.930000000000001492e+00
-7.800000000000004707e-01
-3.469446951953614189e-18
-1.050000000000000711e+00
-2.600000000000000644e-01
-4.000000000000000777e-02
6.300000000000003375e-01
3.900000000000001799e-01
-2.200000000000000566e-01
-1.999999999999999695e-02
-5.100000000000002309e-01
5.000000000000002220e-01
-2.000000000000000389e-01
6.000000000000000472e-02
5.200000000000002398e-01
5.200000000000002398e-01
3.400000000000001354e-01
1.160000000000000808e+00
-3.600000000000001532e-01
-3.800000000000001710e-01
1.930000000000001492e+00
3.800000000000001710e-01
2.700000000000000733e-01
5.100000000000002309e-01
-2.000000000000000389e-02
8.999999999999996891e-02
-1.560000000000001164e+00
-3.700000000000001621e-01
-8.999999999999999667e-02
-1.800000000000000211e-01
9.999999999999999167e-02
1.150000000000000799e+00
4.900000000000002687e-01
-3.500000000000001443e-01
4.000000000000000083e-02
-4.000000000000001887e-01
-8.100000000000004974e-01
-1.700000000000000122e-01
1.399999999999999856e-01
